24 14 42 35 45 4 30 44 57 64 99 58 62 43 55 16 60 
73 63 64 23 62 57 99 65 18 80 17 
77 97 61 64 40 37 38 47 75 72 
99 1 8 37 99 81 49 83 81 27 99 58 
85 14 54 99 59 70 51 6 
42 7 12 19 82 98 13 45 77 72 74 54 90 99 74 76 75 
22 13 17 57 19 50 19 84 79 6 69 83 53 14 62 3 63 
29 81 37 63 81 97 43 42 56 73 76 66 22 74 90 84 87 52 
58 39 97 71 25 35 5 44 87 84 12 58 68 24 37 28 89 81 
35 69 98 95 77 89 
42 75 34 75 63 97 36 91 65 3 66 
99 73 29 97 13 0 90 62 
8 21 84 74 37 12 56 72 38 89 52 52 59 52 60 75 6 
46 84 13 83 68 7 19 22 76 74 3 63 26 10 3 97 46 57 99 54 
80 70 84 49 32 19 23 90 
12 33 50 25 23 
8 13 94 58 38 42 21 41 10 66 92 97 76 82 19 79 48 68 
36 29 6 74 54 68 8 98 52 47 74 95 30 45 8 34 19 
3 4 65 73 96 60 67 54 36 74 15 71 87 
5 38 42 1 85 68 69 64 37 82 61 87 47 5 0 
